# id	file_path	transparent_color_r	g	b
[TEXTURES]
0	textures\Background\Beach.png	248	0	248
100	textures\Character\MarcoRossi1.png	255	255	255
# id	left	top	right	bottom	texture_id
[SPRITES]
# === BODY ===
#drop
110001	654	148	683	171	100
#idle
110101	13	149	45	177	100
110102	47	148	77	177	100
110103	79	148	107	176	100
110104	109	149	136	176	100
110105	139	149	168	177	100
110106	171	149	201	177	100
110107	204	149	236	178	100
110108	239	149	271	178	100
110109	274	149	306	177	100
110110	308	149	339	176	100
110111	342	149	373	177	100
110112	376	149	407	177	100
# === FEET ===
#drop
120001	894	1528	915	1547	100
120002	870	1528	891	1548	100
120003	847	1528	867	1551	100
120004	824	1528	844	1553	100
120005	802	1528	821	1553	100
120006	781	1528	799	1553	100
#idle
120101	130	1537	151	1553	100
120102	156	1537	177	1553	100
120103	180	1537	201	1553	100
120104	204	1537	225	1553	100
120105	228	1537	249	1553	100
#close-jump
120201	781	1528	799	1553	100
120202	802	1528	821	1553	100
120203	824	1528	844	1553	100
120204	847	1528	867	1551	100
120205	870	1528	891	1548	100
120206	894	1528	915	1547	100
# === BACKGROUND ===
360001	1	1196	1609	1417	0
# === ANIMATED OBJECT ===
#WAVE EFFECT 1
390001	2	669	565	693	0
390002	2	735	565	759	0
390003	2	801	565	825	0
390004	2	867	565	891	0
390005	2	933	565	957	0
390006	2	999	565	1023	0
390007	2	1065	565	1089	0
390008	2	1131	565	1155	0
#WAVE EFFECT 2
390101	2	694	565	734	0
390102	2	760	565	800	0
390103	2	826	565	866	0
390104	2	892	565	932	0
390105	2	958	565	998	0
390106	2	1024	565	1064	0
390107	2	1090	565	1130	0
390108	2	1156	565	1196	0
# === PARALLAX ===
430001	2	2	2375	274	0

# ani_id	sprite1_id	time1	sprite2_id	time2	...
[ANIMATIONS]
# === BODY ===
#drop
1100	110001	100
#idle
1101	110101	100	110102	100	110103	100	110104	100	110105	100	110106	100	110107	100	110108	100	110109	100	110110	100	110111	100	110112	100
#jump
# === FEET ===
#drop
1200	120001	100	120002	100	120003	100	120004	100	120005	100	120006	100
#idle
1201	120101	100	120102	100	120103	100	120104	100	120105	100
#close-jump
1202	120201	100	120202	100	120203	100	120204	100	120205	100	120206	100
# === BACKGROUND ===
3600	360001	100
# === ANIMATED OBJECT ===
#WAVE EFFECT 1
3900	390001	100	390002	100	390003	100	390004	100	390005	100	390006	100	390007	100	390008	100
#WAVE EFFECT 2
3901	390101	100	390102	100	390103	100	390104	100	390105	100	390106	100	390107	100	390108	100
# === PARALLAX ===
4300	430001	100


# id	ani1	ani2	ani3
[ANIMATION_SETS]
# === BODY ===
11	1100	1101
# === FEET ===
12	1200	1201	1202
# === BACKGROUND ===
36	3600
# === ANIMATED OBJECT ===
#WAVE EFFECT 1, WAVE EFFECT 2,
39	3900	3901
# === PARALLAX ===
43	4300

# type	x	y	ani_set_id	extra_settings per object type
[OBJECTS]
# === PARALLAX ===
43	0	289	43
# === BACKGROUND === (type, x, y, ani_set_id, width)
36	0	222	36	1608
# === MARCO ROSSI ===
10	10	100	0	0
# === BODY ===
#11	10	100	11
# === FEET ===
#12	14	80	12
# === ANIMATED OBJECT ===
# type	x	y	ani_set_id	ani_obj_id (type_id)
#WAVE EFFECT 1
39	0	64	39	0
#WAVE EFFECT 2
39	0	40	39	1

# --- SCENE PORTAL ----
# type	l	t	ani_set_id	r	b	scene_id
50	300	98	0	316	150	2

